       N       E                     dE             d eps       ncg     rms          rms(c)
DAV:   1    -0.715441813452E+01   -0.71544E+01   -0.50734E+02  1312   0.444E+01
DAV:   2    -0.754132829312E+01   -0.38691E+00   -0.38693E+00  1168   0.808E+00
DAV:   3    -0.754300770554E+01   -0.16794E-02   -0.16794E-02  1616   0.419E-01
DAV:   4    -0.754300793644E+01   -0.23090E-06   -0.23028E-06  1264   0.455E-03
   1 F= -.75430079E+01 E0= -.75451941E+01  d E =0.655864E-02
