       N       E                     dE             d eps       ncg     rms          rms(c)
DAV:   1    -0.170543828349E+02   -0.17054E+02   -0.88795E+00   240   0.158E+01    0.202E+00
RMM:   2    -0.166001365764E+02    0.45425E+00   -0.10844E+00   242   0.597E+00    0.888E-01
RMM:   3    -0.165077010788E+02    0.92435E-01   -0.54893E-01   242   0.281E+00    0.252E-01
RMM:   4    -0.165065313890E+02    0.11697E-02   -0.12305E-02   260   0.796E-01    0.108E-01
RMM:   5    -0.165064404237E+02    0.90965E-04   -0.21022E-03   262   0.273E-01    0.309E-02
RMM:   6    -0.165063695748E+02    0.70849E-04   -0.33534E-04   214   0.854E-02
   1 F= -.16506370E+02 E0= -.16506370E+02  d E =0.000000E+00
